Round	Start	End	Benchmark_Elapsed	Tuning_overhead
1	1771734349.477993	1771734394.1209037	44.64291071891785	0.0
2	1771734394.23218	1771734487.49114	93.25895977020264	0.11127638816833496
3	1771734487.6143682	1771734579.52553	91.91116189956665	0.12322831153869629
4	1771734579.6254222	1771734671.315115	91.689692735672	0.09989213943481445
5	1771734671.4059246	1771734765.8986828	94.49275827407837	0.09080958366394043
6	1771734766.0205503	1771734857.942014	91.92146372795105	0.12186741828918457
7	1771734858.0688648	1771734949.589177	91.52031207084656	0.12685084342956543
8	1771734949.714819	1771735041.3950272	91.68020820617676	0.1256420612335205
9	1771735041.558191	1771735133.3449247	91.78673362731934	0.1631639003753662
10	1771735143.8620753	1771735235.9756422	92.11356687545776	10.517150640487671
11	1771735236.0432286	1771735330.56068	94.51745128631592	0.06758642196655273
12	1771735330.6851993	1771735422.4412622	91.75606298446655	0.12451934814453125
13	1771735422.5365276	1771735514.2946973	91.7581696510315	0.09526538848876953
14	1771735514.442481	1771735609.138812	94.69633102416992	0.14778375625610352
15	1771735609.256687	1771735707.5203307	98.26364374160767	0.1178748607635498
16	1771735707.6651871	1771735802.4784741	94.81328701972961	0.14485645294189453
17	1771735813.13282	1771735907.3831604	94.25034046173096	10.654345750808716
18	1771735907.4188871	1771735998.876867	91.45797991752625	0.03572678565979004
19	1771735998.9124756	1771736091.2707999	92.3583242893219	0.035608530044555664
20	1771736091.4076939	1771736183.2463717	91.8386778831482	0.13689398765563965
21	1771736183.4100437	1771736274.7941945	91.3841507434845	0.16367197036743164
22	1771736274.8907113	1771736366.5848658	91.6941545009613	0.09651684761047363
23	1771736366.648376	1771736458.48193	91.83355402946472	0.06351017951965332
24	1771736458.6291764	1771736550.2906835	91.66150712966919	0.1472463607788086
25	1771736550.497413	1771736642.223264	91.72585105895996	0.20672941207885742
26	1771736652.6329515	1771736744.2712476	91.63829612731934	10.409687519073486
27	1771736744.3348022	1771736838.7398806	94.4050784111023	0.06355452537536621
28	1771736838.8773835	1771736930.7082574	91.83087396621704	0.13750290870666504
29	1771736930.8569186	1771737022.5874987	91.73058009147644	0.14866113662719727
30	1771737022.7375476	1771737115.1356897	92.3981420993805	0.15004897117614746
31	1771737115.216427	1771737210.2650182	95.04859113693237	0.08073735237121582
32	1771737210.3954294	1771737302.346377	91.95094752311707	0.13041114807128906
33	1771737302.506145	1771737394.0188456	91.51270055770874	0.15976810455322266
34	1771737404.3897007	1771737496.4773264	92.08762574195862	10.37085509300232
35	1771737496.6322608	1771737591.358937	94.72667622566223	0.15493440628051758
36	1771737591.4039218	1771737685.9054065	94.50148463249207	0.04498481750488281
37	1771737686.062741	1771737777.832527	91.76978588104248	0.157334566116333
38	1771737777.9137022	1771737872.5471895	94.63348722457886	0.08117532730102539
39	1771737872.7166803	1771737967.909893	95.19321274757385	0.16949081420898438
40	1771737968.0587063	1771738063.1197588	95.06105256080627	0.14881324768066406
41	1771738073.7601337	1771738168.2024753	94.44234156608582	10.640374898910522
42	1771738168.410946	1771738260.1914217	91.78047585487366	0.20847058296203613
43	1771738260.3439708	1771738352.0299773	91.68600654602051	0.15254902839660645
44	1771738352.198354	1771738443.8324227	91.63406872749329	0.16837668418884277
45	1771738443.8843205	1771738535.449753	91.56543254852295	0.05189776420593262
46	1771738535.610887	1771738627.3935845	91.78269743919373	0.1611340045928955
47	1771738627.445215	1771738719.3177814	91.87256646156311	0.051630496978759766
48	1771738719.547789	1771738811.1793206	91.63153147697449	0.23000764846801758
49	1771738821.604325	1771738913.3558636	91.75153851509094	10.425004482269287
50	1771738913.5201035	1771739006.1294959	92.60939240455627	0.16423988342285156
51	1771739006.2853217	1771739098.4177296	92.13240790367126	0.15582585334777832
52	1771739098.4719667	1771739190.4615326	91.9895658493042	0.05423712730407715
53	1771739190.6061203	1771739282.4836	91.87747955322266	0.14458775520324707
54	1771739282.6355164	1771739374.3489165	91.71340012550354	0.15191650390625
55	1771739374.5022092	1771739466.2318978	91.72968864440918	0.15329265594482422
56	1771739466.3938198	1771739558.531391	92.13757109642029	0.16192197799682617
57	1771739558.7622902	1771739650.4225693	91.66027903556824	0.23089933395385742
58	1771739661.4408407	1771739753.605546	92.16470527648926	11.018271446228027
59	1771739753.7298334	1771739845.4977257	91.76789236068726	0.12428736686706543
60	1771739845.5779126	1771739937.5707266	91.99281406402588	0.08018684387207031
61	1771739937.7929907	1771740029.936293	92.14330220222473	0.22226405143737793
62	1771740030.1391425	1771740121.6992452	91.56010270118713	0.2028496265411377
63	1771740121.8714519	1771740214.2962003	92.42474842071533	0.17220664024353027
64	1771740214.4956684	1771740309.2237148	94.72804641723633	0.19946813583374023
65	1771740319.7045574	1771740414.1690516	94.46449422836304	10.480842590332031
66	1771740414.3369033	1771740506.4660878	92.12918448448181	0.16785168647766113
67	1771740506.5584557	1771740598.0994725	91.5410168170929	0.09236788749694824
68	1771740598.2407706	1771740690.1570725	91.9163019657135	0.1412980556488037
69	1771740690.3040853	1771740782.2674358	91.96335053443909	0.14701271057128906
70	1771740782.3320014	1771740874.1167672	91.78476572036743	0.06456565856933594
71	1771740874.1828382	1771740965.9728265	91.78998827934265	0.0660710334777832
72	1771740966.0389836	1771741057.6950953	91.65611171722412	0.06615710258483887
73	1771741057.8396006	1771741153.1821063	95.34250569343567	0.14450526237487793
74	1771741163.5954022	1771741259.147229	95.55182671546936	10.413295984268188
75	1771741259.3327873	1771741351.7571042	92.42431688308716	0.18555831909179688
76	1771741351.9432333	1771741443.3369808	91.3937475681305	0.18612909317016602
77	1771741443.4056537	1771741535.111783	91.70612931251526	0.06867289543151855
78	1771741535.2212272	1771741627.1744535	91.95322632789612	0.10944414138793945
79	1771741627.2448964	1771741719.4432106	92.19831418991089	0.07044291496276855
80	1771741719.5286314	1771741811.5103304	91.98169898986816	0.08542084693908691
81	1771741822.152476	1771741913.984983	91.83250689506531	10.64214563369751
82	1771741914.1607385	1771742009.2496645	95.08892607688904	0.17575550079345703
83	1771742009.4390304	1771742102.0652587	92.62622833251953	0.18936586380004883
84	1771742102.2422302	1771742194.3185475	92.07631731033325	0.176971435546875
85	1771742194.5007815	1771742286.3693967	91.86861515045166	0.1822340488433838
86	1771742286.554209	1771742378.0693262	91.51511716842651	0.18481230735778809
87	1771742378.252365	1771742470.0122354	91.75987029075623	0.18303894996643066
88	1771742470.0880713	1771742561.7215168	91.63344550132751	0.0758359432220459
89	1771742572.629573	1771742664.7914665	92.16189336776733	10.908056259155273
90	1771742664.933418	1771742756.8398466	91.90642857551575	0.1419515609741211
91	1771742756.9740202	1771742848.924766	91.95074582099915	0.13417363166809082
92	1771742849.0024264	1771742940.3284943	91.32606792449951	0.07766032218933105
93	1771742940.4069421	1771743031.9422176	91.53527545928955	0.07844781875610352
94	1771743032.1230004	1771743123.854576	91.73157572746277	0.18078279495239258
95	1771743124.0461957	1771743215.967373	91.92117714881897	0.1916196346282959
96	1771743216.110916	1771743308.4667072	92.35579133033752	0.14354300498962402
97	1771743319.242901	1771743410.794959	91.55205798149109	10.776193857192993
98	1771743410.9648163	1771743502.7319646	91.76714825630188	0.16985726356506348
99	1771743502.9109764	1771743594.797624	91.88664770126343	0.17901182174682617
100	1771743594.8794951	1771743687.1129372	92.23344206809998	0.08187103271484375
101	1771743687.3576844	1771743779.3535032	91.9958188533783	0.24474716186523438
102	1771743779.5469906	1771743874.430942	94.88395142555237	0.19348740577697754
103	1771743874.598619	1771743966.966033	92.36741399765015	0.1676769256591797
104	1771743967.087301	1771744062.2316508	95.1443498134613	0.12126803398132324
105	1771744073.1392264	1771744165.747926	92.6086995601654	10.907575607299805
106	1771744165.8544736	1771744257.7122784	91.85780477523804	0.10654759407043457
107	1771744257.9276462	1771744349.8873193	91.95967316627502	0.21536779403686523
108	1771744349.9738774	1771744441.6027703	91.62889289855957	0.08655810356140137
109	1771744441.690689	1771744533.6580768	91.96738767623901	0.08791875839233398
110	1771744533.7463489	1771744625.6426845	91.89633560180664	0.0882720947265625
111	1771744625.8404179	1771744717.774538	91.93412017822266	0.19773340225219727
112	1771744717.9578686	1771744813.4037237	95.44585514068604	0.18333053588867188
113	1771744824.2542536	1771744916.5850258	92.33077216148376	10.850529909133911
114	1771744916.7801077	1771745009.1043088	92.32420110702515	0.1950819492340088
115	1771745009.2543232	1771745100.9993064	91.74498319625854	0.15001440048217773
116	1771745101.2046866	1771745192.801468	91.5967812538147	0.20538020133972168
117	1771745192.8941905	1771745284.5210316	91.62684106826782	0.09272265434265137
118	1771745284.6139297	1771745376.4121914	91.79826164245605	0.09289813041687012
119	1771745376.610742	1771745467.7136836	91.10294151306152	0.19855070114135742
120	1771745467.8098068	1771745559.7063563	91.8965494632721	0.09612321853637695
121	1771745570.713623	1771745662.948474	92.23485088348389	11.007266759872437
122	1771745663.1199057	1771745755.1279378	92.00803208351135	0.1714317798614502
123	1771745755.224303	1771745847.0244308	91.80012774467468	0.09636521339416504
124	1771745847.120629	1771745941.865739	94.74511003494263	0.09619832038879395
125	1771745942.1969388	1771746034.3912044	92.19426560401917	0.33119964599609375
126	1771746034.5842316	1771746126.6379201	92.05368852615356	0.19302725791931152
127	1771746126.7987854	1771746218.4693925	91.67060708999634	0.16086530685424805
128	1771746218.5709605	1771746310.4463038	91.8753433227539	0.10156798362731934
129	1771746321.0363564	1771746412.867688	91.83133149147034	10.590052604675293
130	1771746413.0760472	1771746505.1637895	92.0877423286438	0.2083592414855957
131	1771746505.361481	1771746600.2883208	94.92683982849121	0.1976914405822754
132	1771746600.4553962	1771746692.5347145	92.0793182849884	0.16707539558410645
133	1771746692.7868466	1771746784.9238245	92.13697791099548	0.2521321773529053
134	1771746785.0478508	1771746876.9629235	91.91507267951965	0.12402629852294922
135	1771746877.1730244	1771746971.9515252	94.77850079536438	0.21010088920593262
136	1771746972.1326299	1771747064.556076	92.42344617843628	0.1811046600341797
137	1771747075.039771	1771747167.4241507	92.38437962532043	10.483695030212402
138	1771747167.5269816	1771747259.3244328	91.79745125770569	0.10283088684082031
139	1771747259.4593267	1771747305.0529335	45.59360671043396	0.13489389419555664
140	1771747305.2829442	1771747395.6517992	90.36885499954224	0.2300107479095459
141	1771747395.7589004	1771747487.6034894	91.84458899497986	0.1071012020111084
142	1771747487.807282	1771747579.5680285	91.76074647903442	0.20379257202148438
143	1771747579.6748672	1771747671.6257825	91.95091533660889	0.10683870315551758
144	1771747671.733831	1771747766.7291987	94.99536776542664	0.1080484390258789
145	1771747777.7090964	1771747870.4837534	92.7746570110321	10.979897737503052
146	1771747870.6911824	1771747962.8073494	92.11616706848145	0.2074289321899414
147	1771747963.0144148	1771748054.9032376	91.88882279396057	0.20706534385681152
148	1771748055.1723475	1771748147.5921311	92.41978359222412	0.26910996437072754
149	1771748147.811413	1771748239.3962684	91.58485531806946	0.21928191184997559
150	1771748239.5801563	1771748331.843705	92.2635486125946	0.18388795852661133
151	1771748332.0470626	1771748427.1628306	95.11576795578003	0.20335769653320312
152	1771748427.4475577	1771748522.6812425	95.2336847782135	0.2847270965576172
153	1771748533.361022	1771748625.4983132	92.13729119300842	10.679779529571533
154	1771748625.6595025	1771748671.250233	45.59073042869568	0.16118931770324707
155	1771748671.4904814	1771748762.408918	90.9184365272522	0.240248441696167
156	1771748762.544665	1771748855.1954322	92.6507670879364	0.13574719429016113
157	1771748855.4215288	1771748947.8130474	92.39151859283447	0.22609663009643555
158	1771748947.957063	1771749039.9883409	92.03127789497375	0.14401555061340332
159	1771749040.2032142	1771749132.500065	92.29685091972351	0.2148733139038086
160	1771749132.725208	1771749224.5991578	91.87394976615906	0.2251429557800293
161	1771749235.4962325	1771749327.6458464	92.14961385726929	10.897074699401855
162	1771749327.7644901	1771749421.8135412	94.04905104637146	0.11864376068115234
163	1771749422.0366046	1771749469.9870055	47.950400829315186	0.22306346893310547
164	1771749470.2296898	1771749560.9015393	90.67184948921204	0.24268436431884766
165	1771749561.1387868	1771749652.8152907	91.67650389671326	0.23724746704101562
166	1771749652.9347477	1771749744.5946386	91.65989089012146	0.11945700645446777
167	1771749744.7146566	1771749836.934327	92.21967029571533	0.12001800537109375
168	1771749837.223458	1771749929.5799024	92.35644435882568	0.28913116455078125
169	1771749940.3165185	1771750032.5374608	92.22094225883484	10.736616134643555
170	1771750032.696778	1771750124.4729939	91.77621579170227	0.1593172550201416
