Round	Start	End	Benchmark_Elapsed	Tuning_overhead
1	1771818522.6559653	1771818709.4273353	186.77136993408203	0.0
2	1771818709.4601068	1771818896.6084816	187.1483747959137	0.03277158737182617
3	1771818896.6422377	1771819086.754498	190.1122603416443	0.03375601768493652
4	1771819086.7895048	1771819277.768104	190.97859930992126	0.03500676155090332
5	1771819277.8042855	1771819465.9385493	188.134263753891	0.03618144989013672
6	1771819465.9827282	1771819653.1444345	187.16170620918274	0.04417896270751953
7	1771819653.1812289	1771819840.353738	187.1725091934204	0.036794424057006836
8	1771819840.3998187	1771820027.648995	187.2491762638092	0.046080589294433594
9	1771820029.7478004	1771820217.214122	187.46632170677185	2.0988054275512695
10	1771820217.255273	1771820407.397432	190.14215898513794	0.04115104675292969
11	1771820407.437262	1771820434.3550873	26.91782522201538	0.03982996940612793
12	1771820434.4050758	1771820621.4409556	187.03587985038757	0.049988508224487305
13	1771820621.488324	1771820646.3323238	24.8439998626709	0.04736828804016113
14	1771820646.379713	1771820672.5087829	26.129069805145264	0.04738926887512207
15	1771820672.5431366	1771820859.8260226	187.2828860282898	0.03435373306274414
16	1771820859.8685293	1771820885.047857	25.179327726364136	0.04250669479370117
17	1771820887.1008003	1771820911.8277364	24.726936101913452	2.052943229675293
18	1771820911.8645175	1771820989.8247468	77.96022939682007	0.03678107261657715
19	1771820989.8746476	1771821015.662575	25.787927389144897	0.04990077018737793
20	1771821015.7015479	1771821208.8064084	193.1048605442047	0.03897285461425781
21	1771821208.8535197	1771821234.6236749	25.77015519142151	0.04711127281188965
22	1771821234.6838133	1771821259.4326415	24.748828172683716	0.06013846397399902
23	1771821259.4919019	1771821284.4274561	24.935554265975952	0.05926036834716797
24	1771821284.4866533	1771821310.2873466	25.80069327354431	0.059197187423706055
25	1771821312.2698746	1771821336.046634	23.776759386062622	1.9825279712677002
26	1771821336.1034982	1771821359.8369224	23.733424186706543	0.056864261627197266
27	1771821359.8796525	1771821384.0665581	24.1869056224823	0.042730093002319336
28	1771821384.1292813	1771821407.813776	23.684494733810425	0.06272315979003906
29	1771821407.8562202	1771821431.5505822	23.694361925125122	0.04244422912597656
30	1771821431.614487	1771821455.625486	24.010998964309692	0.0639047622680664
31	1771821455.6872115	1771821479.3556206	23.6684091091156	0.061725616455078125
32	1771821479.420051	1771821503.1400506	23.71999955177307	0.06443047523498535
33	1771821505.204919	1771821583.119703	77.91478395462036	2.064868450164795
34	1771821583.1658092	1771821607.5107152	24.344906091690063	0.04610610008239746
35	1771821607.5779173	1771821797.6255953	190.0476779937744	0.06720209121704102
36	1771821797.6831315	1771821822.6260881	24.942956686019897	0.05753612518310547
37	1771821822.6740825	1771821847.4092176	24.735135078430176	0.047994375228881836
38	1771821847.4577641	1771821871.169059	23.711294889450073	0.048546552658081055
39	1771821871.2176464	1771822058.25219	187.0345437526703	0.04858732223510742
40	1771822058.3135524	1771822248.6344223	190.32086992263794	0.061362266540527344
41	1771822250.910054	1771822275.3516147	24.441560745239258	2.2756316661834717
42	1771822275.4026816	1771822299.1094363	23.706754684448242	0.05106687545776367
43	1771822299.1618693	1771822489.1523297	189.990460395813	0.052433013916015625
44	1771822489.214975	1771822513.8758194	24.660844326019287	0.06264543533325195
45	1771822513.9291766	1771822703.9820611	190.05288457870483	0.05335712432861328
46	1771822704.0368917	1771822741.5767179	37.53982615470886	0.05483055114746094
47	1771822741.6288743	1771822765.5253766	23.896502256393433	0.05215644836425781
48	1771822765.5809221	1771822955.628749	190.04782676696777	0.05554556846618652
49	1771822957.7689602	1771822982.3302915	24.561331272125244	2.140211343765259
50	1771822982.4045897	1771823006.085488	23.680898427963257	0.07429814338684082
51	1771823006.15854	1771823029.8577673	23.699227333068848	0.07305192947387695
52	1771823029.9144797	1771823065.8203542	35.905874490737915	0.05671238899230957
53	1771823065.877759	1771823089.3765826	23.498823642730713	0.05740475654602051
54	1771823089.434654	1771823279.4879446	190.05329060554504	0.05807137489318848
55	1771823279.5555117	1771823304.7417266	25.186214923858643	0.06756711006164551
56	1771823304.8004398	1771823330.5814965	25.78105664253235	0.05871319770812988
57	1771823332.660482	1771823356.2827601	23.622278213500977	2.0789854526519775
58	1771823356.3421645	1771823380.023696	23.68153142929077	0.05940437316894531
59	1771823380.0848994	1771823403.8079002	23.7230007648468	0.0612034797668457
60	1771823403.8918622	1771823427.5260868	23.63422465324402	0.08396196365356445
61	1771823427.5863001	1771823451.3865747	23.80027461051941	0.060213327407836914
62	1771823451.448715	1771823475.203805	23.75508999824524	0.06214022636413574
63	1771823475.2669044	1771823498.9694753	23.702570915222168	0.06309938430786133
64	1771823499.0481098	1771823522.7939944	23.745884656906128	0.07863450050354004
65	1771823524.9011242	1771823560.652474	35.751349687576294	2.1071298122406006
66	1771823560.7393456	1771823583.5105784	22.771232843399048	0.08687162399291992
67	1771823583.5755863	1771823773.9602816	190.38469529151917	0.06500792503356934
68	1771823774.036255	1771823803.9525535	29.916298627853394	0.0759732723236084
69	1771823804.0404572	1771823994.0433939	190.0029366016388	0.08790373802185059
70	1771823994.1207144	1771824023.890867	29.77015256881714	0.07732057571411133
71	1771824023.9656518	1771824060.646831	36.68117928504944	0.07478475570678711
72	1771824060.7249649	1771824253.7682176	193.0432527065277	0.07813382148742676
73	1771824255.9735405	1771824281.594792	25.621251344680786	2.2053229808807373
74	1771824281.6641397	1771824304.423666	22.759526252746582	0.06934785842895508
75	1771824304.4944592	1771824328.5540044	24.059545278549194	0.07079315185546875
76	1771824328.6255224	1771824407.6084366	78.98291420936584	0.0715179443359375
77	1771824407.6801348	1771824431.4048994	23.724764585494995	0.07169818878173828
78	1771824431.476594	1771824455.1665068	23.689912796020508	0.07169461250305176
79	1771824455.2396502	1771824478.931118	23.691467761993408	0.07314348220825195
80	1771824479.0022948	1771824502.737766	23.73547124862671	0.07117676734924316
81	1771824505.0861433	1771824527.8485026	22.762359380722046	2.348377227783203
82	1771824527.9426613	1771824721.3276505	193.3849892616272	0.09415864944458008
83	1771824721.4134183	1771824746.0125368	24.59911847114563	0.08576774597167969
84	1771824746.0879152	1771824770.0479596	23.960044384002686	0.07537841796875
85	1771824770.124209	1771824792.787458	22.663249015808105	0.07624936103820801
86	1771824792.865101	1771824868.774028	75.90892696380615	0.07764315605163574
87	1771824868.8718944	1771824896.9643657	28.09247136116028	0.09786629676818848
88	1771824897.0614045	1771825087.1522028	190.09079837799072	0.09703874588012695
89	1771825089.382292	1771825113.3528013	23.97050929069519	2.2300891876220703
90	1771825113.4340446	1771825137.1760142	23.7419695854187	0.08124327659606934
91	1771825137.256276	1771825162.401506	25.145230054855347	0.0802617073059082
92	1771825162.4804273	1771825349.5018508	187.02142357826233	0.07892131805419922
93	1771825349.5848303	1771825372.371783	22.78695273399353	0.08297944068908691
94	1771825372.4562504	1771825562.535051	190.07880067825317	0.08446741104125977
95	1771825562.6276858	1771825586.6167936	23.989107847213745	0.09263467788696289
96	1771825586.6983104	1771825773.7420864	187.04377603530884	0.08151674270629883
97	1771825775.7355359	1771825800.7673738	25.031837940216064	1.9934494495391846
98	1771825800.851102	1771825823.6032302	22.75212812423706	0.08372831344604492
99	1771825823.686229	1771825848.4457579	24.759528875350952	0.08299875259399414
100	1771825848.5486887	1771825872.237729	23.689040422439575	0.10293078422546387
101	1771825872.3226647	1771825897.0221322	24.699467420578003	0.08493566513061523
102	1771825897.1067278	1771825921.8188553	24.712127447128296	0.0845956802368164
103	1771825921.908165	1771825944.6726475	22.764482498168945	0.0893096923828125
104	1771825944.7803464	1771826134.7802281	189.99988174438477	0.10769891738891602
105	1771826134.9676402	1771826325.6175795	190.64993929862976	0.18741202354431152
106	1771826327.6900132	1771826351.2989402	23.608927011489868	2.0724337100982666
107	1771826351.4080577	1771826378.0625486	26.65449094772339	0.10911750793457031
108	1771826378.1665285	1771826568.021038	189.85450959205627	0.10397982597351074
109	1771826568.1231728	1771826756.5270202	188.4038474559784	0.10213470458984375
110	1771826756.6283798	1771826946.7888262	190.16044640541077	0.10135960578918457
111	1771826946.8902721	1771826970.8825977	23.9923255443573	0.10144591331481934
112	1771826970.9741457	1771826993.6548612	22.680715560913086	0.09154796600341797
113	1771826995.8454914	1771827018.574955	22.729463577270508	2.1906301975250244
114	1771827018.684397	1771827041.3543622	22.669965267181396	0.10944199562072754
115	1771827041.4471264	1771827064.0955536	22.6484272480011	0.09276413917541504
116	1771827064.190108	1771827254.2570794	190.06697130203247	0.09455442428588867
117	1771827254.3642225	1771827277.7123725	23.34815001487732	0.10714316368103027
118	1771827277.829472	1771827300.473208	22.643735885620117	0.11709952354431152
119	1771827300.5886097	1771827324.6120865	24.02347683906555	0.1154017448425293
120	1771827324.7074194	1771827347.488373	22.780953645706177	0.09533286094665527
121	1771827349.426028	1771827372.2991588	22.873130798339844	1.937654972076416
122	1771827372.3962846	1771827562.7289166	190.33263206481934	0.09712576866149902
123	1771827562.8394082	1771827753.7942505	190.95484232902527	0.11049151420593262
124	1771827753.9040883	1771827942.137708	188.2336196899414	0.10983777046203613
125	1771827942.2506034	1771827965.2949383	23.044334888458252	0.11289548873901367
126	1771827965.4125292	1771827988.088125	22.67559576034546	0.11759090423583984
127	1771827988.205133	1771828010.8528566	22.64772367477417	0.11700797080993652
128	1771828010.950758	1771828033.6654184	22.71466040611267	0.0979013442993164
129	1771828035.8531935	1771828058.6381967	22.785003185272217	2.187775135040283
130	1771828058.738713	1771828081.522469	22.783756017684937	0.10051631927490234
131	1771828081.6259615	1771828104.3214185	22.695456981658936	0.10349249839782715
132	1771828104.4248016	1771828291.5110888	187.08628726005554	0.10338306427001953
133	1771828291.6234791	1771828314.5896232	22.96614408493042	0.11239027976989746
134	1771828314.6934202	1771828337.3693202	22.675899982452393	0.10379695892333984
135	1771828337.4877987	1771828524.4831755	186.99537682533264	0.11847853660583496
136	1771828524.6011934	1771828547.8786416	23.277448177337646	0.11801791191101074
137	1771828550.1462226	1771828572.7990992	22.652876615524292	2.267580986022949
138	1771828572.9194784	1771828595.6492817	22.729803323745728	0.12037920951843262
139	1771828595.7576282	1771828618.5410032	22.783375024795532	0.10834646224975586
140	1771828618.6514854	1771828641.3349319	22.683446407318115	0.11048221588134766
141	1771828641.4469626	1771828664.1470435	22.70008087158203	0.1120307445526123
142	1771828664.2749429	1771828687.0651753	22.79023241996765	0.1278994083404541
143	1771828687.175555	1771828709.847846	22.672291040420532	0.11037969589233398
144	1771828709.95985	1771828732.7220206	22.762170553207397	0.11200404167175293
145	1771828734.943902	1771828757.7176905	22.773788452148438	2.22188138961792
146	1771828757.8343844	1771828944.8205395	186.98615503311157	0.11669397354125977
147	1771828944.9360342	1771828967.5590231	22.62298893928528	0.1154947280883789
148	1771828967.6731832	1771828990.4011562	22.727972984313965	0.11416006088256836
149	1771828990.5357246	1771829013.1744628	22.63873815536499	0.134568452835083
150	1771829013.298449	1771829036.0530431	22.754594087600708	0.12398624420166016
151	1771829036.1811585	1771829070.9277198	34.74656128883362	0.12811541557312012
152	1771829071.0412838	1771829107.7143655	36.67308163642883	0.11356401443481445
153	1771829109.7939978	1771829132.4557679	22.66177010536194	2.07963228225708
154	1771829132.5727425	1771829155.224846	22.652103424072266	0.1169745922088623
155	1771829155.3618762	1771829178.0158036	22.653927326202393	0.13703036308288574
156	1771829178.1305773	1771829200.7691982	22.638620853424072	0.11477375030517578
157	1771829200.885608	1771829223.5796382	22.694030284881592	0.1164097785949707
158	1771829223.6966407	1771829410.7289536	187.03231287002563	0.11700248718261719
159	1771829410.864912	1771829433.972593	23.107681035995483	0.13595843315124512
160	1771829434.0962534	1771829456.703241	22.606987714767456	0.12366032600402832
161	1771829456.9601538	1771829646.989457	190.02930307388306	0.2569127082824707
162	1771829649.234867	1771829673.2801824	24.045315265655518	2.245410203933716
163	1771829673.426466	1771829863.417621	189.9911549091339	0.14628362655639648
164	1771829863.5421708	1771829887.5528448	24.010673999786377	0.12454986572265625
165	1771829887.6791651	1771830077.6950855	190.0159204006195	0.12632036209106445
166	1771830077.82108	1771830101.675357	23.85427713394165	0.12599444389343262
167	1771830101.8020546	1771830124.4905818	22.68852710723877	0.12669754028320312
168	1771830124.6187587	1771830314.6317303	190.01297163963318	0.12817692756652832
169	1771830316.9187293	1771830354.7956524	37.87692308425903	2.286998987197876
170	1771830354.9219604	1771830392.6604257	37.738465309143066	0.12630796432495117
